1383
9158
6249
2163
7249
7423
5194
6380
7977
15565
6330
6059
498
7931
10723
8518
124
8898
2132
10232
8987
10728
3559
909
3958
9562
14638
12899
563
6047
1225
1946
15206
7474
4109
6071
14897
9304
12451
6490
8485
2397
12549
8983
10328
6889
1118
10452
15787
3250
4301
8390
13979
7860
9300
1553
1038
7554
14452
1601
13601
15677
3548
12423
6768
7657
2110
5281
577
14561
11772
9063
574
7937
1662
10903
14826
2780
4971
14230
6031
9272
6236
3626
748
15536
5179
1787
6706
3247
3388
3924
2540
6936
16347
9308
14594
2074
14590
15171
251
9978
7850
826
1531
9513
11729
16358
12293
316
14204
1940
9589
4056
5566
10337
3209
10745
12124
9915
13992
15513
13839
149
6065
13803
9457
4275
15877
7663
3063
16128
1257
10913
570
2789
4042
12299
2763
16336
12616
583
1892
5821
4639
7459
16158
7848
1820
11899
1380
15813
11028
15219
15962
709
12638
9035
4985
12131
315
8048
11876
1572
2577
12446
4361
6620
8362
7124
6572
4594
7707
8464
10415
12347
15923
10189
3811
1360
5704
5191
789
348
4027
367
1058
281
9402
6043
12413
9717
14091
7905
11290
284
3967
15651
6904
12329
22776
29860
16923
30483
21941
27338
26446
21480
21144
30258
22840
26848
19065
23629
27197
23092
23996
28255
23374
17015
17914
19403
26732
32005
27308
21638
32289
31275
20906
22810
27221
27298
19902
27760
25013
25459
22331
18692
30556
27091
32566
20628
21171
18863
27874
31984
25572
19102
27471
32562
19733
29001
19197
30082
28238
30121
18952
27760
28628
23474
17802
23081
18004
21320
18074
26634
30396
24021
28942
28184
18344
28740
32428
23131
31219
27534
22348
24023
30253
17051
23817
17218
29669
26630
30916
25139
23983
17101
20131
19844
24191
21549
26541
25812
26486
28231
19678
24114
19484
32236
19530
21444
28208
19190
28192
26659
30341
17772
17915
27826
18439
25348
28660
31724
19211
26809
24096
26810
27526
27843
30270
18949
16625
24044
28377
26727
19507
31671
18073
22608
31139
21219
27668
26579
24025
23092
20471
21598
24480
22002
16656
26536
30966
28933
25492
17409
22974
16820
27836
17732
28280
25338
20297
28521
16614
32291
22480
19738
31194
24169
25962
29566
29004
20862
23377
20261
27571
27464
25476
19283
16698
25748
29435
31281
21913
22160
32306
28503
22596
27374
29851
18108
19945
17381
30245
20175
16904
19957
23529
31714
27742
16723
28512
23978
21202
19122
27856
32389
30202
20564
2520
14133
13544
15572
12646
2690
4964
12184
14809
11176
6791
11893
12901
10352
12890
10378
14143
13410
13952
4905
12356
8926
5244
8101
137
10062
10839
11609
9683
8273
15789
12204
6022
12949
11392
2284
15639
16356
14469
14065
11148
4876
9574
7665
15228
6080
1660
12987
3106
15612
1508
15462
8154
6753
7179
8291
431
1634
3516
10115
9908
2921
5935
15930
15871
943
1831
15126
915
16300
12807
12063
4792
5997
3345
3636
12077
5005
239
15183
4233
1748
14262
12387
8501
5057
4295
8932
6692
7811
2663
216
10733
8598
16146
10220
9541
1593
8962
10456
1509
5386
6136
6301
11383
9481
9937
7077
14486
10177
5876
2335
11925
3754
14722
4042
8812
2633
12974
15504
10445
15638
15720
4794
7852
15482
15014
1010
692
7592
11466
2201
12978
1218
8503
7978
10699
2056
15055
8801
12233
4547
11136
7774
8302
9475
11816
730
12108
8407
16234
6169
7661
15570
10963
15513
14668
9593
139
15360
802
11606
1178
13780
12824
9681
5374
7140
11737
4045
15941
7587
8593
10694
15361
511
3785
10794
1241
15893
2817
1091
5679
10478
277
258
9607
14945
9852
9747
13922
10654
4969
15100
8050
1409
8397
13425
8549
3750
33854
40875
44105
42447
35185
43083
42958
38970
37493
44199
38479
40310
45290
44158
34404
45567
44417
44011
44129
37885
37374
41667
48539
42343
40383
40205
43753
48780
37246
35918
36146
38333
44025
47484
48012
46442
41415
41819
36260
46140
36866
41972
37298
33005
36978
38934
45804
48627
33793
40781
37360
38400
33296
36747
47975
40911
44185
42576
40539
48663
45727
43918
37844
40600
42250
36705
37891
34513
45756
41383
47885
33470
34203
36031
33707
38414
42197
46744
37889
43222
38373
42482
48854
38902
46461
47678
47045
41494
41102
38433
41006
37677
33199
46082
45510
42681
33635
34249
44426
46623
42864
43159
47326
44300
46422
48265
33562
39467
45857
38683
33537
35079
48397
33240
41213
45707
48150
39106
38049
40100
44771
46287
45010
45202
43218
41368
38731
44085
42849
34005
41557
36561
44396
39731
48093
41666
38844
48887
48365
35550
38419
49135
37861
37664
33223
46306
34219
48605
36260
39501
39553
48264
36636
35411
44314
47086
44011
33894
42020
37708
35131
34425
41502
46760
41388
40443
39274
47464
40179
38488
33862
45830
38471
38955
34342
38926
36109
35794
38379
39602
42527
45164
38714
46395
47808
33876
44330
42667
35002
37198
47608
37366
38855
39958
34974
47475
47633
41480
45787
38660
14432
14114
2570
3751
3917
4145
9909
7259
7171
15520
14093
546
11533
3655
14173
10189
4763
9351
3704
6998
13781
2160
11596
3484
9350
13802
1807
7832
6130
14827
13724
4179
12557
16295
7930
90
4056
1456
7349
11227
592
5058
11773
12125
8713
9562
5930
13477
2530
9635
4091
16311
11795
15687
3412
4762
13105
5219
12594
2851
3662
9934
7030
16219
9845
14961
16310
13901
33
7275
8744
625
12334
4133
12751
4663
13696
2297
1756
16226
11932
5847
16153
7344
5150
3181
12106
1871
8401
8316
4723
12063
1866
11753
11899
11712
10330
11825
9229
10363
2716
1590
10989
15050
5723
7356
3330
3035
9653
5086
2877
5202
10934
2647
12546
16084
5828
8268
1572
14229
200
6295
9909
2066
1664
5424
13778
11995
865
6624
5974
3581
8214
579
2248
13937
7935
5578
589
1205
10664
3466
6407
5214
6113
2569
4915
11942
10837
6487
9787
11037
12782
3312
13103
14446
8736
10498
10057
9601
738
16032
13183
8952
227
15431
6505
8163
4625
7094
9368
15289
10561
15775
4120
290
1960
9035
12232
12797
15522
5636
7450
11920
8948
4169
9982
1301
14667
3656
10902
15405
3304
7701
7973
3531
6748
14479
11694
11373
54341
53830
59431
64902
53221
63551
65193
55181
56202
61041
51594
55340
50293
59044
50876
59242
63214
60858
60543
61497
64514
55061
60519
51434
62763
52108
54966
53127
50203
50276
64501
55393
54955
58396
54759
59024
56411
54416
65054
63461
49922
51112
53265
51063
61005
54989
61153
58683
50311
56160
54644
49290
62070
49627
51572
59297
52584
57386
63272
53635
58511
62237
59876
64314
55097
65484
57802
62356
54364
57320
60281
55134
59281
64394
57046
54750
53847
52663
64281
55007
59672
53389
55145
56206
53865
57565
49967
57297
49416
64087
61780
58775
60789
56121
57553
50350
56069
49819
63555
61281
57988
58300
50880
51733
57159
58774
57331
61854
62285
56076
51325
56421
60313
57318
63475
65026
49348
64290
56787
49612
62842
53032
59235
58095
60001
51252
59293
50534
51919
57312
62663
60755
50077
64391
63336
58084
57629
55131
54402
54379
62055
56576
61648
56833
64742
59588
56323
64938
58342
63959
65398
55648
51455
59097
64591
62304
61197
58349
63686
63965
50125
60813
59184
51050
59669
56985
59982
51762
62964
65233
56989
59484
56273
53102
50781
55479
63538
57952
54882
56344
56375
54744
62841
58678
64690
61896
55446
60351
54709
53596
58780
55683
65258
52429
57581
59391
60262
52028
62001
57690
